0.000000000000000000e+00 2.299344788168769180e-02 6.697324453203185035e-02
1.000000000000000000e+00 7.148192727955013370e-02 9.260444574531984108e-03
2.000000000000000000e+00 9.245243162510860535e-02 -4.878633528277635800e-02
3.000000000000000000e+00 9.691896859946853848e-02 -1.042335658074324163e-02
4.000000000000000000e+00 -2.366907014544494814e-02 5.669333491009038301e-02
5.000000000000000000e+00 5.798833373538826025e-02 8.442572523159183259e-03
6.000000000000000000e+00 -3.594789318412949797e-02 5.846982624889775909e-02
7.000000000000000000e+00 -7.605053993245292077e-03 4.896194065274365320e-02
8.000000000000000000e+00 9.061070351237220100e-02 -1.028527832484902628e-02
9.000000000000000000e+00 9.049183074684670480e-02 -7.032205848366156545e-03
